1
288.187343
372.820954
204.894623
139.395085
109.539624
98.152937
84.291815
68.810055
60.547808
56.062473
55.324353
51.226890
50.923515
46.316833
40.749407
39.930257
35.114719
34.975645
37.335740
37.178268
35.274438
35.524547
36.129058
31.774296
35.439615
32.500773
33.857931
32.217471
32.993520
29.794993
30.732288
28.698701
32.754967
32.029451
32.419874
32.779990
32.940207
31.460698
30.864540
33.272755
32.263723
31.179600
31.364995
31.190289
32.065614
31.021845
31.275599
30.228166
30.505044
29.543792
28.393011
29.489854
28.449029
27.344858
29.108577
27.054063
28.264299
27.136181
26.013939
26.126966
27.599146
26.101984
25.523301
28.626731
32.746391
