3
126.881355047
125.205769062
125.618197918
131.659720182
131.597115993
132.237127066
67.667746067
67.3020908833
66.5081980228
46.1960248947
46.1007111073
46.8028011322
34.5633151531
34.1653580666
34.4535729885
28.1768729687
27.7523550987
27.8717279434
23.4854028225
23.4059979916
23.0190680027
20.1379189491
20.4431831837
20.4734408855
17.806194067
18.0791740417
17.6650211811
15.9679219723
15.8925409317
16.2411429882
14.484858036
14.4122228622
14.12571311
13.3161299229
13.1550450325
13.119343996
12.1177260876
12.4322779179
12.2399749756
11.4071390629
11.2428100109
11.4950270653
10.2629301548
10.6831920147
10.1951670647
9.7979619503
9.90027093887
9.61696314812
9.09739804268
9.24425697327
9.21086716652
8.84037804604
8.6944770813
8.730219841
8.41036009789
8.28359603882
8.28962302208
8.04538583755
7.96688318253
7.91407680511
7.80119991302
7.56761217117
7.49217605591
7.27139091492
7.44107508659
7.33277392387
7.05957388878
7.24952507019
6.97395515442
6.78636002541
6.99578714371
6.78482103348
6.58552908897
6.59599804878
6.54426002502
6.32151699066
6.49217391014
6.38629388809
6.27834105492
6.19684815407
6.18669509888
6.08527398109
6.16832995415
6.27894806862
5.92349910736
5.93327188492
5.9547791481
5.89089298248
5.77973413467
5.7668390274
5.78695583344
5.80568385124
5.71276879311
5.69144105911
5.64782619476
5.65410614014
5.55185484886
5.5280649662
5.51880788803
5.41806578636
5.4483101368
5.41415095329
5.26228117943
5.29255104065
5.3098950386
5.27507805824
5.25882792473
5.17923092842
5.13449406624
5.14454913139
5.20520806313
5.00942897797
5.07224798203
5.0707449913
5.00212812424
5.01829504967
4.98789787292
4.92386603355
4.92396903038
4.86580300331
4.91434884071
4.92362380028
4.95160198212
4.89280700684
4.85405802727
4.90650391579
4.92444396019
4.9970240593
4.95600986481
4.96316599846
4.90064001083
4.93611717224
4.94911503792
4.90942907333
4.97310495377
4.91807889938
4.97450709343
4.98307085037
5.02776408195
4.94529485703
4.98692297935
4.98154401779
4.99402093887
4.97640490532
5.04528093338
5.00567698479
5.00921297073
5.0405728817
4.99494194984
4.96982884407
4.99867677689
5.04482197762
5.04521489143
5.10346913338
5.04595899582
5.06446313858
5.07241797447
5.10114097595
5.08081102371
5.14288687706
5.09041500092
5.09303283691
5.09218287468
5.12681508064
5.10783791542
5.13119006157
5.10052394867
5.12344288826
5.15923190117
5.16858506203
5.20592093468
5.26164793968
5.21795320511
5.20831418037
5.19373703003
5.16171908379
5.17961001396
5.18510198593
5.20639014244
5.19902610779
5.23311901093
5.24546504021
5.20025801659
5.25015115738
5.24297904968
5.2164440155
5.23972511292
5.28143692017
5.24989199638
5.36687898636
5.32338309288
5.31943106651
5.36009311676
5.37637996674
5.37528896332
