2.792645
1.433398
1.298271
0.835108
0.623373
0.857835
0.823412
0.614660
0.644555
0.606030
0.616536
0.472406
0.493918
0.460419
0.484190
0.521677
0.489197
2.872288
3.445249
2.962887
3.454479
4.082377
3.614454
4.199247
3.987910
4.256196
4.424376
4.441280
4.408267
4.490343
4.769016
4.462477
4.575888
4.756982
4.634278
4.516523
0.363295
0.371179
0.378136
0.393575
0.372746
0.365534
0.361354
0.391977
0.375567
0.379670
0.369582
0.382279
0.390517
0.346172
0.428061
0.456208
0.405728
0.430574
0.389879
0.391028
0.430564
0.449408
0.473991
0.478575
0.556186
0.542485
0.761824
1.225655
