2.966098
1.618836
2.108010
1.121303
0.819489
0.991856
1.149979
0.968283
1.750830
0.986552
0.851805
0.880492
1.005449
0.543669
0.607674
0.899035
0.458511
1.404666
1.163407
0.755457
0.910413
0.944738
1.045112
1.148231
1.255485
1.357836
1.411390
0.815340
1.075120
1.178220
0.994509
1.115900
1.362496
0.424522
0.885471
1.053237
0.771036
1.008816
0.918845
0.568858
1.081504
1.066269
1.066121
0.382135
0.919652
0.334490
0.889462
0.924349
0.957675
1.042728
0.832302
0.865780
0.903200
1.024443
0.812341
0.931414
0.873628
0.502987
0.913662
0.473272
0.995288
1.333357
1.414394
2.717704
