0.301867
0.161691
0.118888
0.192539
0.076965
0.065528
0.058195
0.077750
0.067977
0.046764
0.061797
0.077205
0.067419
0.065346
0.065895
0.074199
0.032576
0.056664
0.048986
0.040165
0.026274
0.041833
0.038284
0.038786
0.032996
0.021439
0.033098
0.022353
0.022630
0.033335
0.034571
0.030562
0.030244
0.030613
0.030500
0.034071
0.030511
0.030221
0.030331
0.035022
0.032760
0.032237
0.034220
0.034240
0.039714
0.037895
0.036126
0.036512
0.038394
0.037332
0.039971
0.039704
0.042928
0.041581
0.041303
0.043543
0.042414
0.043834
0.044928
0.045393
0.050667
0.102384
0.282863
0.497983
