3
126.075671911
126.053365946
125.736842871
131.607621908
131.716871023
131.547381878
67.2270650864
67.2190830708
66.7652459145
48.1018118858
46.7260169983
46.4234790802
34.9394979477
34.08664608
34.0290870667
27.8169870377
27.7518939972
27.628153801
23.3414928913
23.2476191521
23.1883411407
20.8893020153
20.2281489372
19.9914748669
17.7362771034
18.287856102
17.783370018
16.0875110626
15.7691428661
15.9758651257
14.6465411186
14.6344921589
14.3262109756
13.2239649296
13.0617420673
12.8532030582
12.32959795
12.3993189335
12.2717750072
11.1080019474
11.2396850586
11.1078839302
10.6158540249
10.3703649044
10.3808350563
10.1125559807
10.1403198242
10.0031678677
9.25426983833
9.17503499985
9.25253295898
8.58162593842
8.80429315567
8.72984719276
8.28781485558
8.3090159893
8.12903594971
8.04070615768
7.91445088387
7.83531212807
7.77040791512
7.57889795303
7.68239378929
7.31523609161
7.40412998199
7.51921796799
7.02393889427
7.19435596466
7.07247185707
6.87284588814
6.85348987579
6.88342499733
6.49940919876
6.67868208885
6.79424595833
6.50721383095
6.4373998642
6.55738401413
6.28215503693
6.31107401848
6.23335504532
6.19035315514
6.19906592369
6.07384204865
5.94806408882
6.00862812996
5.9750058651
5.93517899513
5.84807705879
5.85492300987
5.793612957
5.79099988937
5.78853583336
5.65997099876
5.56948304176
5.67734098434
5.47520589828
5.51455903053
5.49655485153
5.43691110611
5.41490292549
5.44604992867
5.3896009922
5.31905007362
5.32553505898
5.28408408165
5.23361515999
5.29158306122
5.13107514381
5.18876194954
5.12780308723
5.13077616692
5.1213259697
5.15343809128
5.05115199089
4.99459886551
5.01379203796
4.97404718399
4.92763400078
4.93161797523
4.95320892334
4.99186611176
4.90666103363
4.87567305565
4.98844790459
4.87085103989
4.89971709251
4.86491894722
4.89198708534
4.92784190178
4.87796401978
4.9310131073
4.98091197014
4.97947597504
4.94555306435
4.93659996986
4.96952295303
4.88870811462
4.99072694778
4.96234297752
4.98575401306
4.94898986816
4.98120594025
4.9502928257
5.02792692184
5.02987504005
5.02815079689
4.98511195183
5.03148007393
5.01610302925
5.0438349247
5.0414390564
5.12047791481
5.08773207664
5.07099103928
5.02883291245
5.13852286339
5.09092903137
5.08949899673
5.12458300591
5.06272816658
5.08161997795
5.1270608902
5.12323498726
5.11721491814
5.11751198769
5.10294103622
5.17013311386
5.16571497917
5.18741893768
5.1331140995
5.18801021576
5.1754257679
5.13993883133
5.18503284454
5.14630103111
5.21164608002
5.19822502136
5.15827298164
5.21316504478
5.24448895454
5.20884084702
5.22989606857
5.23177409172
5.2175450325
5.24003100395
5.24989104271
5.26189398766
5.25040507317
5.34209012985
5.336591959
5.33679795265
5.36227798462
5.37099194527
5.36142778397
