3
310.166604042
311.844885826
310.51277113
308.609184027
309.91130805
312.443394184
158.133588076
160.363430023
158.177704096
106.353688955
106.844716072
107.169365883
80.5134170055
80.8510279655
84.9816401005
63.4287779331
63.5983569622
64.8781099319
53.9939699173
57.4034080505
54.1056728363
47.0715401173
46.726804018
50.2070040703
42.7384469509
41.5444250107
41.6012198925
37.3476409912
37.3607180119
36.1626150608
34.5645530224
33.4012219906
33.4029870033
30.2349991798
30.524064064
31.2296350002
30.1352910995
28.2254769802
28.5058350563
26.7527830601
26.7612409592
26.7557380199
24.5173518658
24.4707379341
24.7063560486
24.5159068108
23.7624239922
24.1920008659
23.1150779724
22.4898769855
23.4412510395
21.1683840752
21.4059371948
21.6420071125
21.3958230019
21.8225450516
20.6420149803
19.8953120708
22.0013079643
20.1071531773
19.0235519409
20.555380106
19.3278748989
19.1875939369
21.5927939415
18.5400509834
18.8422660828
17.7845590115
18.5842618942
19.4762570858
18.1963820457
18.2446248531
16.8610739708
17.2070469856
18.3474829197
17.1379029751
17.4587070942
17.692456007
16.1523420811
16.6641139984
16.3321368694
16.0357480049
16.4043908119
16.8687441349
15.6580150127
15.678483963
15.5277500153
15.4348540306
16.0515470505
15.6007921696
15.7174057961
15.9470040798
15.7135391235
15.6199090481
14.9548950195
15.0032849312
14.4411559105
15.1055071354
15.6019339561
15.9249501228
14.9065151215
14.7236161232
15.8218209743
14.8994140625
14.4253048897
15.0397219658
16.7927901745
34.6157338619
31.3020598888
34.255147934
33.0881171227
33.249122858
33.5923359394
32.6029598713
33.4260418415
32.1731140614
31.5222229958
33.2589299679
32.6977441311
34.8581628799
31.2348110676
31.9094340801
31.1003928185
32.5217430592
32.1573729515
32.243719101
31.7147960663
32.0177071095
31.9593400955
31.7853710651
33.0429611206
33.7813119888
31.2311489582
32.3079080582
31.864109993
33.3311798573
30.9188318253
32.7837388515
32.2347390652
33.5244109631
31.9516711235
33.1789560318
29.7481679916
32.6220319271
32.8644139767
33.2400259972
32.7185640335
33.0108981133
32.6031517982
31.3424520493
33.2967150211
32.4239048958
33.1580319405
31.3890869617
31.5700159073
32.4855799675
31.8029670715
33.6353731155
32.367125988
32.6994371414
31.8272562027
32.4527499676
32.7658920288
31.6115090847
31.4720599651
33.1015839577
34.1113750935
31.7406010628
34.4091601372
32.0743710995
32.8822028637
32.9802348614
32.4574079514
33.6753330231
33.0877811909
33.9363238811
33.8290970325
34.6896009445
33.224396944
31.2980790138
32.032323122
31.9812610149
32.5915369987
32.8197610378
31.9290759563
32.1952478886
30.9040501118
29.7763738632
32.7041330338
32.9681060314
31.2335500717
29.873953104
33.4287290573
34.9726099968
31.6249389648
