10
5.93034791946
5.92906904221
5.94492101669
5.92860889435
5.92816305161
5.92776203156
5.93439793587
5.92991995811
5.93057608604
5.93397092819
6.15148210526
6.15524697304
5.72793078423
6.23711299896
6.15080404282
6.1515750885
6.38652396202
6.18706798553
6.34173488617
6.16620206833
4.48515915871
5.225867033
5.35433983803
4.84717798233
5.04347896576
4.77030205727
5.18037486076
4.78365516663
4.82249403
4.96045899391
3.77743506432
3.38678598404
3.87977194786
3.42020511627
3.66111898422
3.90051913261
3.61029696465
3.65928912163
3.7194519043
4.12743592262
3.46214795113
3.17042708397
3.53530502319
3.19367313385
3.39370894432
2.90352988243
3.70593094826
3.60975408554
3.40234589577
3.32915115356
2.78568005562
3.01237988472
2.72488594055
3.18707704544
2.75185108185
2.82111692429
3.10537600517
2.72405004501
3.20974612236
3.18380308151
2.74415588379
2.58100104332
2.70048117638
2.80566501617
2.60675215721
2.70980000496
2.66064882278
2.56580400467
3.05829906464
2.66563081741
2.47284889221
2.4340929985
2.55420708656
2.37540793419
2.39201712608
2.34394001961
2.31231617928
2.43890404701
2.1797888279
2.35488200188
2.15879106522
2.10240602493
2.15851092339
2.16392803192
2.15888309479
2.06956720352
2.15243697166
2.14555883408
2.18399786949
2.04403305054
1.94229793549
2.54637408257
1.93273878098
1.93429493904
1.93364906311
1.93655204773
1.98061704636
1.98250007629
1.93530893326
1.93934512138
1.72606301308
1.70337700844
1.76002812386
1.73511815071
1.63446617126
1.92004203796
1.77291488647
1.75834202766
1.79860901833
1.83823490143
1.63634800911
1.50744199753
1.70674300194
1.96736598015
1.68951392174
1.61518287659
1.58676815033
1.47997808456
1.73751091957
1.75164079666
1.64936208725
1.46027588844
1.50929117203
1.44686603546
1.56453514099
1.49953007698
1.33410191536
1.4993391037
1.40393018723
1.5315887928
1.47265410423
1.59601712227
1.58883500099
1.39276909828
1.43715190887
1.5992410183
1.36298584938
1.3503818512
1.40172600746
1.38332009315
1.32573699951
1.36068797112
1.23405480385
1.42722415924
1.31309294701
1.18202090263
1.14876198769
1.33126211166
1.18678498268
1.30132508278
1.22508311272
1.25998497009
1.22250699997
1.15872097015
1.9808549881
1.24773287773
1.23723292351
1.22297286987
1.9259698391
2.00594115257
1.28272294998
1.15301799774
1.15536403656
1.14221096039
1.12784194946
1.16378808022
1.16755390167
1.16087293625
1.15603303909
1.21813106537
1.10319900513
1.0713558197
0.990727901459
1.09662485123
1.13326191902
1.14999699593
1.15021300316
1.32979011536
1.18682694435
0.992321968079
1.05802798271
1.04209899902
1.03707003593
1.13820195198
1.18222808838
1.02771496773
1.0434679985
1.07632398605
0.982352018356
1.06795501709
0.986438989639
0.992784023285
0.996084928513
0.991281986237
1.01903390884
1.1142001152
1.20856404305
0.993197917938
0.991580963135
1.14190292358
0.958078861237
0.94136595726
0.941607952118
0.948154211044
1.00604081154
0.949720859528
0.934328079224
0.973519086838
0.991269111633
0.950897932053
0.925319910049
0.91250705719
0.90864610672
0.905874967575
0.972052812576
0.918643951416
0.930379867554
0.83732008934
0.903350114822
0.904791116714
0.866908073425
0.984124898911
0.806574106216
0.893225193024
0.903767108917
0.943933010101
0.864638805389
0.866629838943
0.895414113998
0.864880084991
0.834436178207
0.836591959
0.902928113937
0.888190031052
0.93469119072
0.859606027603
0.831903934479
0.831722021103
0.842273950577
0.827654123306
0.855293989182
0.819494009018
0.735522031784
0.821031093597
0.825181007385
0.812254905701
0.837033987045
0.866332054138
0.823450088501
0.822647094727
0.760153055191
0.766622066498
0.865751028061
0.809851884842
0.797991991043
0.848268985748
0.953958034515
0.930101156235
0.812529087067
0.776666164398
0.759423971176
0.743635892868
0.791254997253
0.748670101166
0.822338104248
0.749302864075
0.77965092659
0.748951911926
0.757313966751
0.874061822891
0.78931593895
0.768512964249
0.770992040634
0.723266124725
0.719633102417
0.878178834915
0.739753961563
0.743129014969
0.731792926788
0.798120975494
0.795066833496
0.69710111618
0.83818602562
0.696383953094
0.82697892189
0.701933145523
0.769689083099
0.732326030731
0.754848957062
0.791522979736
0.717844963074
0.720606803894
0.695327997208
0.716477155685
0.722362041473
0.694360971451
0.683157920837
0.783571958542
0.692231893539
0.680592060089
0.651863098145
0.76428604126
0.747823953629
0.778539180756
0.704152107239
0.691920995712
0.685310125351
0.6608979702
0.795196056366
0.755791902542
1.03414201736
0.705466032028
0.665985107422
0.706965923309
0.644712924957
0.666385173798
0.656439781189
0.708503961563
0.700694084167
0.669932126999
0.652703046799
0.650236845016
0.621062994003
0.645260810852
0.611822843552
0.694761991501
0.662333011627
0.62131690979
0.671427965164
0.625149965286
0.600119113922
0.648477077484
0.648059844971
0.631878137589
0.689489126205
0.604954004288
0.689717054367
0.611251115799
0.678371906281
0.668654918671
0.668952941895
0.598060131073
0.647544145584
0.611718177795
0.674377918243
0.586450099945
0.586846113205
0.672255039215
0.627666950226
0.61999297142
0.585989952087
0.617456197739
0.634443998337
0.635240077972
0.574340820312
0.634528875351
0.587360143661
0.679803133011
0.618369817734
0.60294508934
0.591561079025
0.67930316925
0.565613031387
0.618995904922
0.627650976181
0.553373098373
0.6173620224
0.584670066833
0.605680942535
0.777452945709
0.639863014221
0.614134788513
0.891672134399
0.874788045883
0.791792154312
0.599431991577
0.598699808121
0.794962882996
0.614485025406
0.590723991394
0.593472957611
0.5615670681
0.667479991913
0.894216060638
0.625576972961
0.885583877563
0.840662002563
0.908085107803
0.811788797379
0.929358005524
0.886337041855
0.899999856949
0.862336874008
0.887305021286
0.808496952057
0.925800085068
0.878911018372
0.881404161453
0.918929100037
0.881607055664
0.771789073944
0.781036138535
0.729014873505
0.849031925201
0.858498096466
0.815037965775
0.922931909561
0.755831956863
0.916208028793
0.873820066452
0.843309164047
0.898321866989
0.847467899323
0.842349052429
0.87593793869
0.839957952499
0.8819668293
0.893522024155
0.864154100418
0.792694091797
0.855604887009
0.879661083221
0.910746097565
0.866824865341
0.855030059814
0.833081007004
0.867743015289
0.842231988907
0.831480026245
0.835201025009
0.846572875977
0.814398050308
0.842784881592
0.843368053436
0.825119018555
0.825003147125
0.923043012619
0.833888053894
0.830173969269
0.854720115662
0.808964967728
0.809225082397
0.849998950958
0.810069084167
0.807031154633
0.80816411972
0.852741003036
0.817085981369
0.818642139435
0.843209981918
0.809088945389
0.799865961075
0.795483112335
0.830788850784
0.809546947479
0.844429016113
0.803508043289
0.818826913834
0.804775953293
0.811964035034
0.847135066986
0.844023942947
0.791522979736
0.807125091553
0.81144618988
0.799533843994
0.794302940369
0.804962873459
0.816904067993
0.796490192413
0.794718027115
0.797868967056
0.800580024719
0.790950059891
0.801866054535
0.809801101685
0.776725053787
0.803336143494
0.793871164322
0.80991101265
0.815437078476
0.778888940811
0.758224010468
0.807528018951
0.832967996597
0.821310997009
0.81885099411
0.78383898735
0.749446153641
0.772485017776
0.789189100266
0.762364149094
0.759637117386
0.812577962875
0.822170972824
0.782056093216
0.794971942902
0.770057916641
0.772560119629
0.776332855225
0.792588949203
0.764589071274
0.788358211517
0.78525018692
0.77038192749
0.7989320755
0.793570995331
0.767278909683
0.76858496666
0.777425050735
0.773263931274
0.7828540802
0.774813175201
0.763097047806
0.764612913132
0.806380987167
0.798667907715
0.770550966263
0.806829929352
0.75048494339
0.799159049988
0.778209924698
0.783627986908
0.791496992111
0.796559095383
0.79988694191
0.792302846909
0.768884897232
0.78280210495
0.771728038788
0.776983976364
0.73926615715
0.752245903015
0.729336977005
0.776128053665
0.775637149811
0.782123088837
0.77543091774
0.794897079468
0.741576910019
0.807878017426
0.781329154968
0.765030145645
0.736946105957
0.737154960632
0.810016155243
0.780365943909
0.754492998123
0.799875020981
0.801887989044
0.763643980026
0.752652168274
0.791293859482
0.766007184982
0.760848045349
0.772923946381
0.750129938126
0.734515190125
0.770117998123
0.758923053741
0.744155883789
0.733262062073
0.75340294838
0.728055000305
0.735243082047
0.729838848114
0.765476942062
0.739142179489
0.743547916412
0.741557121277
0.735990047455
0.726405858994
0.714866876602
0.722288131714
0.725557804108
0.749563932419
0.744277954102
0.73601102829
0.75212097168
0.763226985931
0.732815980911
0.745018005371
0.726722955704
0.714447975159
0.742933034897
0.733289957047
0.721421957016
0.730319976807
0.715479850769
0.729620933533
0.720592975616
0.746948003769
0.697380065918
0.718003034592
0.721883058548
0.71734213829
0.713585138321
0.715531110764
0.717532873154
0.725254058838
0.728199958801
0.691058158875
0.71683883667
0.705987930298
0.707365036011
0.719944000244
0.707562923431
0.694591999054
0.728132009506
0.707020044327
0.696376085281
0.700754165649
0.705132961273
0.689241886139
0.713375091553
0.68480181694
0.70644903183
0.692289113998
0.702171087265
0.702327013016
0.679414987564
0.703473091125
0.706992864609
0.693161964417
0.685532093048
0.699491977692
0.688787937164
0.685057878494
0.708030223846
0.69514298439
0.702808141708
0.671257019043
0.669469118118
0.652668952942
0.689302921295
0.675915002823
0.69825387001
0.680446863174
0.69470000267
0.680926084518
