10
8.71961402893
8.70747494698
8.68697094917
8.72551012039
8.70909786224
8.67630600929
8.71556806564
8.67597913742
8.71263718605
8.69407486916
8.92463898659
8.98445487022
8.92863297462
8.90564393997
8.94149899483
8.90610694885
10.7096858025
8.911673069
10.0137898922
8.92941880226
7.47230005264
7.88479995728
7.10046601295
7.89923191071
8.47909903526
7.91288805008
7.94894099236
7.20545196533
7.62921190262
7.21477103233
6.88239097595
6.696144104
7.03899216652
6.35836601257
6.09045600891
6.92282986641
6.49449396133
6.61225509644
6.80967211723
6.19959592819
6.26455903053
5.72764205933
5.71864914894
5.62143492699
6.2861020565
6.27854204178
6.19363093376
5.77587199211
6.50119304657
5.82888793945
5.756483078
5.66231298447
5.79377818108
5.82407402992
5.62767004967
5.25093197823
5.56031298637
5.62092399597
5.6635518074
5.86841917038
5.12280106544
5.44103002548
5.31229710579
5.18878412247
5.3019900322
5.2918381691
5.15973687172
5.18892407417
5.33888483047
5.25340008736
5.00044584274
5.08492517471
5.04157209396
5.02993893623
5.11347699165
4.87181210518
5.11748290062
5.01580786705
5.0592238903
5.1542429924
4.81548714638
4.91636180878
4.89801096916
5.00242710114
4.8190908432
5.2789978981
4.70776200294
4.7677218914
4.93534708023
4.81402897835
4.55322504044
4.42985796928
4.69751882553
4.55470204353
4.55459713936
4.54555702209
4.51810288429
4.72717189789
4.6569378376
4.55256891251
4.41462492943
4.4738380909
4.48653721809
4.37824511528
4.46978211403
4.42145395279
4.42885899544
4.46130514145
4.51721000671
4.36388707161
4.29898405075
4.31311511993
4.2701318264
4.39642000198
4.38141703606
4.33247590065
4.33042693138
4.36677384377
4.35435795784
4.21476888657
4.3045899868
4.09891915321
4.1280298233
4.28813195229
4.16618895531
4.37620210648
4.3747677803
4.16063308716
4.27944302559
4.14814186096
4.19793200493
4.10830712318
4.00268101692
4.15299701691
4.12804794312
4.02002811432
4.13420796394
4.05111813545
4.13790202141
4.0398619175
4.05044198036
4.0734038353
4.21378278732
4.08568787575
4.10516905785
3.99666810036
4.1621131897
4.22835493088
3.94343614578
4.14367318153
3.99402093887
4.04137086868
4.14933300018
3.91407895088
3.98794913292
4.05508804321
4.18034505844
3.96574401855
4.06434011459
3.88207006454
3.95057201385
3.93639111519
3.90629816055
3.92402291298
3.92757701874
3.91490697861
3.83157396317
3.93416976929
3.91918206215
3.92165493965
3.90625596046
3.74685311317
3.81850600243
3.8841278553
3.87489795685
3.91499304771
3.86517810822
3.87735104561
3.8296289444
3.82379889488
3.8014421463
3.84249091148
3.80718302727
3.841837883
3.76874995232
3.82911896706
3.7979581356
3.81078100204
3.81323289871
3.82119202614
3.80679512024
3.75408506393
3.68264889717
3.76237392426
3.8425822258
3.75897908211
3.79463100433
3.6673541069
3.65365886688
3.68175578117
3.73406481743
3.6979777813
3.69530105591
3.62200403214
3.71874499321
4.41222715378
3.81630396843
3.68700814247
3.77153706551
3.60095882416
3.57435894012
3.61138486862
3.66982007027
3.69533586502
3.66889095306
3.68782186508
3.68016695976
3.61906695366
3.7923309803
3.71411585808
3.53869199753
3.57966899872
3.61478090286
3.7028670311
3.73655700684
3.60402703285
3.63696694374
3.63431310654
3.72163200378
3.64212107658
3.67431879044
3.52362298965
3.66772484779
3.5977640152
3.59178876877
3.60406684875
3.56060910225
3.61696696281
3.62794399261
3.61694002151
3.61029005051
3.57250404358
3.54348111153
3.58784294128
3.50194787979
3.56523323059
3.69808912277
3.57554197311
3.58090901375
3.6010620594
3.56348800659
3.48516821861
3.52745103836
3.53223419189
3.51425695419
3.56643080711
3.56027412415
3.57729911804
3.50096201897
3.61733007431
3.4290831089
3.49532389641
3.39602208138
3.53708982468
3.56689095497
3.52249598503
3.45319104195
3.5268239975
3.51279401779
3.60375595093
3.54413795471
3.49740600586
3.57413196564
3.58392286301
3.40420985222
3.46726298332
3.51859402657
3.49534893036
3.49756717682
3.54382801056
3.52172613144
3.49792003632
3.39463305473
3.51732397079
3.50936102867
3.50394010544
3.54025816917
3.49497795105
3.40187311172
3.43655800819
3.52968287468
3.45832204819
3.49707388878
3.48436117172
3.45690798759
3.48221683502
3.48588204384
3.45773100853
3.47905492783
3.49035811424
3.54679107666
3.47329711914
3.46667909622
3.48493409157
3.43555498123
3.44283986092
3.61629509926
3.47445297241
3.55162811279
3.3900167942
3.44120693207
4.87873291969
3.51513719559
3.50173020363
3.46521782875
3.45702385902
3.47441315651
3.45620393753
3.39564299583
3.4318959713
3.44966292381
3.47262191772
3.37381601334
3.50178408623
3.40206193924
3.46579313278
3.49213480949
3.37855792046
3.46318101883
3.39599013329
3.44120717049
3.38096404076
3.42604112625
3.40326499939
3.43397808075
3.37383913994
3.43020105362
3.3959479332
3.42378091812
3.47893095016
3.37542295456
3.4760248661
3.42107486725
3.33290410042
3.38142299652
3.3593108654
3.3629488945
3.39288520813
3.3897819519
3.35815405846
3.40391016006
3.39375209808
3.36980199814
3.39623093605
3.40128302574
3.40421795845
3.45010495186
3.36968016624
3.40619587898
3.42797589302
3.42005801201
3.37596702576
3.34849095345
3.37552690506
3.42544388771
3.42266583443
3.37032604218
3.36057496071
3.36813807487
3.28017616272
3.37601685524
3.46774697304
3.36498808861
3.39175009727
3.36654806137
3.34348201752
3.42958593369
3.36072301865
3.3825981617
3.61957907677
3.41004705429
3.40065002441
3.34334206581
3.37417602539
3.72468590736
3.68278098106
3.54251098633
3.34925913811
3.3874399662
3.44342422485
3.64974689484
3.65419793129
3.63363814354
3.70277690887
3.48187088966
3.42789697647
3.30585098267
3.38173699379
3.45142412186
3.61841988564
3.60572695732
3.68414711952
3.55773210526
3.56141614914
3.66474199295
3.71497297287
3.66061091423
3.64390587807
3.47195410728
3.56009817123
3.73314595222
3.6001470089
3.59700107574
3.62170600891
3.59713697433
3.69503211975
3.64639401436
3.64599609375
3.61252808571
3.65278887749
3.65451407433
3.59397697449
3.61373901367
3.64348101616
3.58780217171
3.65086507797
3.66761016846
3.66783499718
3.61930394173
3.61908006668
3.60609507561
3.60956907272
3.62330508232
3.67770004272
4.05586314201
3.69728302956
3.61305093765
3.60369586945
5.1717748642
3.63834905624
3.60646915436
3.59598994255
3.59192705154
3.59474611282
3.59914803505
3.63856887817
3.66638898849
3.6473801136
3.61245203018
3.62579011917
3.60999679565
3.61022591591
3.58227300644
3.58498907089
3.58193612099
3.94650197029
3.59284901619
4.27236604691
3.64773607254
3.64043402672
3.62503004074
3.60704708099
3.57160711288
3.57337403297
3.60361194611
3.56313681602
3.5881690979
3.58013892174
3.59186315536
3.64192605019
3.61831593513
3.55478286743
3.61671209335
3.55892300606
3.58995604515
3.58087182045
3.58384799957
3.58701610565
3.56711912155
3.5640130043
3.60654187202
3.54756808281
3.61619281769
3.7661421299
3.56547284126
3.5531411171
3.55335402489
3.60528612137
3.54701304436
3.57279586792
3.60426592827
3.5627989769
3.59061694145
3.53631401062
3.58699297905
3.59669685364
3.55715799332
3.56409907341
3.58515787125
3.5648329258
3.58512210846
3.58513903618
3.55016112328
3.53696990013
3.57754898071
3.5751721859
3.59820008278
3.58812499046
3.59059596062
3.54398608208
3.55593299866
3.55600309372
3.57017707825
4.05939602852
3.5878329277
3.54498696327
3.51766395569
3.53869915009
3.56480193138
3.53613305092
3.5386660099
3.555519104
3.56839609146
3.55110311508
3.55609798431
3.59730100632
3.58897709846
3.57908010483
3.54356312752
3.54108500481
3.54553508759
3.57000112534
5.06224584579
3.63540196419
3.56627893448
3.55181002617
3.57993006706
3.53973698616
3.57386779785
3.56209206581
3.52839779854
3.5692281723
3.50390601158
3.53555202484
3.5404791832
3.54214191437
3.53781700134
3.54611420631
3.54300904274
3.55347585678
3.54143214226
3.58000922203
3.55114221573
3.55730700493
3.5498380661
3.54194283485
3.52583909035
3.9907579422
3.56755208969
3.55139183998
3.50974798203
3.5419690609
3.56406998634
3.54561400414
3.54817605019
3.51211810112
3.52583503723
3.52992296219
3.54314184189
3.54360318184
3.52687191963
3.49395108223
3.54579210281
3.51126909256
3.52757501602
3.53876495361
3.52416992188
5.39666509628
3.79902505875
3.52900481224
3.50162291527
3.52561116219
5.07990098
3.64775395393
3.54005599022
3.5246257782
3.49403810501
3.5149679184
3.52335000038
3.50788998604
3.4849050045
3.5008649826
3.48753809929
3.48488903046
3.49332404137
3.49948501587
3.49267220497
3.50048303604
3.49983000755
3.81744098663
3.55613708496
3.52849197388
3.49151682854
3.50590801239
3.49448299408
3.48455905914
3.47119116783
3.46573805809
3.50651597977
3.49349880219
3.49566984177
3.46360898018
3.45614099503
3.48814582825
3.46209311485
3.44970107079
3.48903608322
3.50536799431
3.48716807365
3.47070789337
3.49538302422
3.45238208771
3.4718208313
3.52030706406
3.46112394333
3.60497403145
3.48496103287
3.45131897926
3.46326899529
3.48041915894
3.42005205154
3.46081805229
3.45592498779
3.42711091042
3.43935894966
3.45937204361
3.46216797829
3.45313501358
5.06675314903
3.42296004295
