1
27.4080789089
26.529900074
13.4962899685
9.1900780201
7.10099601746
5.57088494301
4.71873188019
4.2882270813
3.87209606171
3.82066988945
3.44738411903
3.23587989807
2.87728190422
2.70662307739
2.46773409843
2.50019216537
2.20585489273
2.18386006355
2.27757120132
2.17399311066
2.15954613686
2.90507698059
2.17039299011
3.6531791687
4.24199700356
4.31718802452
4.15825295448
4.00152206421
3.97757482529
3.97910404205
4.02649402618
4.13252711296
3.98719191551
3.8352200985
4.07460021973
4.11373901367
3.85315895081
3.84956908226
4.04384803772
4.29331803322
3.93932008743
3.86253404617
4.15665602684
3.80301094055
3.87085103989
3.78946495056
3.93459296227
4.17862319946
3.87193799019
3.99034690857
3.96682691574
4.01815509796
3.91579604149
4.03807711601
3.92748904228
4.23608398438
3.90813398361
4.01242804527
4.06810808182
4.17348718643
4.01689219475
3.89649486542
3.96627283096
4.29597902298
3.53518986702
