10
31.9327249527
35.1130800247
34.7796878815
34.5792689323
34.5735831261
36.6527600288
26.1251909733
26.8154010773
26.3461310863
26.7039990425
3.03050708771
3.70232701302
3.63881397247
3.6794989109
3.54817581177
3.56730604172
3.68517804146
3.70694112778
3.66354489326
3.54728794098
4.05543899536
3.97022986412
4.01728582382
4.04277896881
4.09518909454
3.88192105293
4.04869294167
3.98621201515
4.25333499908
4.10944581032
3.88018488884
3.83810782433
4.11272788048
3.83753705025
3.95001196861
3.97556400299
4.08138799667
4.17987918854
3.9433350563
4.13269400597
3.8763229847
3.85360693932
3.93470811844
4.00199484825
3.75308418274
3.9114279747
3.7543361187
3.91101694107
4.11595821381
3.96388292313
3.96249198914
3.98769307137
4.12412786484
4.00187301636
3.85260796547
3.77590894699
3.95346903801
3.91348004341
5.48887395859
4.98976111412
5.07517790794
5.33817195892
4.78130602837
4.83576989174
4.78398895264
4.54763889313
4.45346093178
1.86681389809
2.24404096603
3.90356206894
3.85166192055
3.79777002335
3.82901000977
3.86635184288
4.26913094521
4.07412290573
3.86427998543
3.86070895195
4.05591487885
3.98375606537
3.71384191513
3.88246297836
3.79353094101
3.94809913635
4.01060891151
3.9107530117
4.02337503433
3.93427300453
4.04501700401
4.05044317245
3.83438587189
4.0997800827
4.03833913803
3.92415785789
3.80867481232
4.05821990967
3.95536088943
3.91329312325
3.87070918083
3.92557811737
4.07703518867
4.0316131115
3.9211537838
4.15025281906
4.02859401703
3.97421002388
3.97027397156
3.90169215202
4.10942792892
4.25254917145
4.0789411068
3.8702070713
4.1287419796
3.80749797821
3.93174505234
3.87850403786
3.77634882927
4.16086006165
3.91608095169
3.8774561882
4.1644859314
3.97397613525
4.04094099998
3.96979403496
4.07170295715
4.03901004791
3.96931409836
3.63355207443
4.10062003136
3.97407007217
3.75857114792
3.80376219749
4.12863016129
3.8688390255
4.15665316582
3.90408301353
3.87090301514
3.81129097939
3.89005899429
3.84542989731
4.00888681412
3.86824798584
3.66416501999
3.92545795441
4.02485013008
4.06870913506
3.95778012276
4.00731611252
3.94229793549
4.00346708298
3.85695791245
3.96277594566
3.88398599625
3.87813806534
3.92302012444
3.72096180916
3.85579895973
3.83101606369
3.87178897858
3.88843512535
3.96740603447
3.83613204956
3.70491099358
4.03885698318
3.76353406906
3.83623194695
3.9256708622
4.07242012024
3.85352683067
3.99073696136
3.82026195526
3.6941549778
3.84578108788
3.71358895302
3.96811103821
3.87768816948
3.72581601143
3.83235812187
3.8015999794
3.67718076706
3.85324811935
3.96455597878
4.08215093613
3.99033308029
3.85682988167
4.14915084839
4.06171894073
4.07659602165
3.9727139473
4.18762898445
3.87528610229
3.91588401794
3.98952889442
4.11167812347
4.05195093155
3.9897480011
3.96288895607
3.93979310989
3.73215389252
3.84528803825
4.0706717968
4.00668597221
4.08955097198
3.92928385735
3.80708122253
3.79369807243
3.96567082405
3.92505002022
4.02044796944
3.97322201729
3.87993216515
3.85740399361
3.88930106163
3.83425784111
3.96849298477
3.91821789742
3.80362796783
3.77585482597
3.9483730793
3.8130800724
3.96153497696
3.86788892746
4.01010107994
4.18101906776
4.00148200989
3.96760582924
3.79655194283
4.11236310005
3.77637600899
3.90148711205
3.92086100578
3.82421398163
4.06227707863
3.83030700684
3.92341208458
3.92946600914
3.88185286522
3.87706017494
3.94949817657
3.84304094315
3.95521402359
4.17167592049
4.11373209953
3.87537908554
3.90660810471
3.8823390007
3.99009180069
3.9887149334
3.93651819229
4.00376081467
3.81052088737
3.87988495827
3.76876616478
3.82006597519
3.79178404808
3.78604602814
4.00650787354
3.87740778923
3.8118929863
3.64174199104
4.13010787964
4.00916790962
3.92461299896
4.00092220306
3.9304702282
3.97735095024
4.07330584526
3.87783503532
4.11077904701
4.15925192833
3.83437585831
3.84851717949
4.02964496613
3.92704796791
3.72818589211
4.03095388412
3.98727679253
3.65753483772
3.90699505806
3.70062994957
3.90812206268
3.8159070015
3.89108610153
3.97220206261
3.91345906258
3.90886521339
3.85927295685
3.91298890114
3.97118997574
3.76289892197
3.97047281265
3.68674087524
3.86224508286
3.87300300598
4.03251481056
3.93143105507
4.1073050499
3.97599601746
3.97164511681
4.01139092445
3.80700206757
4.18613696098
3.83507609367
3.8695898056
3.98570084572
3.82072591782
4.0195069313
3.9142999649
3.94461488724
4.2552189827
3.76366686821
3.9659640789
3.79388594627
3.72529602051
4.02958106995
3.68262004852
3.92611384392
3.9840939045
3.86719107628
3.75967597961
4.20034098625
3.87141609192
3.79071617126
3.912555933
4.13568902016
3.75249886513
4.08967494965
3.83869409561
4.04123497009
3.95021319389
3.82185196877
3.86531710625
3.8562541008
3.75268292427
3.94655799866
3.9471590519
3.74373292923
3.98927617073
3.95049405098
3.78983402252
4.16379308701
4.04965996742
4.14342212677
4.06389212608
4.06820607185
3.90610098839
4.10979914665
4.0467839241
4.25950312614
4.21187496185
3.9198410511
3.95749902725
4.05259299278
4.07353806496
3.98396801949
3.90470409393
4.35079503059
3.96480822563
4.08229494095
4.14726495743
3.87234091759
4.13620400429
3.92445397377
4.14761400223
4.18658399582
4.13214087486
3.91847300529
3.98654603958
3.90015506744
3.9820458889
4.01555609703
3.97084999084
3.87941503525
3.87759590149
4.22754120827
4.12078404427
3.89771509171
4.0151848793
4.11452913284
3.90581011772
4.19721913338
4.14053797722
4.25541400909
4.03406214714
3.93835091591
4.09355592728
4.03732705116
4.2280728817
3.97710490227
4.31521916389
3.97379088402
4.09208703041
4.05780386925
4.07216405869
4.15697979927
4.07490897179
4.17452406883
4.01528310776
4.04470801353
3.93094587326
4.03004717827
4.0370028019
3.96252799034
4.17659711838
4.28988099098
4.18425393105
4.09623503685
3.94549798965
4.07825803757
4.00093007088
4.07960700989
3.95217204094
4.1184129715
3.94975304604
3.93692779541
4.07088303566
4.17688703537
3.87037491798
4.08799099922
4.25106596947
4.2218310833
4.14731383324
4.50053811073
4.23482203484
4.09469485283
4.38498401642
4.34850692749
4.30929207802
4.09361314774
4.40294599533
4.14403700829
4.41928887367
4.27181911469
4.09362983704
4.33326601982
4.16761302948
4.39971899986
4.16915798187
4.29694104195
4.23926210403
4.16798901558
4.08658099174
4.22476315498
4.16526412964
4.28790307045
4.12206101418
4.26674294472
4.19473910332
4.30277085304
4.09858703613
4.04880785942
4.30927991867
4.27885484695
4.44553112984
4.24194693565
4.25737190247
4.36185097694
4.04903793335
4.08166909218
4.36495900154
4.40280795097
4.32763600349
4.14875197411
4.56432008743
4.67331314087
4.69180989265
4.41437911987
4.32192611694
4.46598815918
4.64823818207
4.40200209618
4.34718799591
4.30184412003
4.4210498333
4.12195205688
4.21769094467
4.48386597633
4.27446389198
4.3682820797
4.41266393661
4.49596405029
4.5860350132
4.30572390556
4.40412998199
4.47215509415
4.37386703491
4.3976111412
4.32570886612
4.17395401001
4.54406499863
4.37884902954
4.61664104462
4.45354199409
4.37078595161
4.49547696114
4.31765699387
4.26096010208
4.22435212135
4.38195800781
4.40838098526
4.48178505898
4.50003218651
4.62235593796
4.45278906822
4.64694690704
4.51768898964
4.73886418343
4.75413298607
4.83362412453
4.50686502457
4.53034305573
4.69676399231
4.55602407455
4.4310259819
4.45915198326
4.7803299427
4.69324207306
4.60571503639
4.74854111671
4.35387706757
4.94840502739
4.73547887802
4.72346305847
4.8925549984
4.44226908684
3.08759617805
2.84653496742
2.79333901405
2.75844693184
2.76837921143
2.93304181099
2.81633496284
2.95995593071
2.89830112457
2.91953706741
2.92513608932
2.89758396149
2.92066597939
2.91277098656
2.81426000595
3.1228530407
3.00748896599
3.11588811874
3.39485907555
3.20575594902
3.11343383789
3.16880106926
3.12302494049
3.21572995186
3.24095797539
3.44829511642
3.32441091537
3.46563816071
3.44860291481
3.23934817314
3.47961497307
3.35227513313
3.39461898804
3.05091786385
3.24912214279
3.63664102554
3.8360080719
3.67193698883
3.73683309555
3.40483093262
3.54890108109
3.74496293068
3.36321091652
3.82537984848
3.96177101135
3.82032895088
3.86423110962
3.67793607712
3.57706284523
3.82462620735
3.78551387787
4.01406979561
3.7991399765
3.97631287575
3.99048614502
4.34350013733
4.05321002007
4.35470485687
4.16742110252
4.47239613533
4.66186189651
4.29526209831
4.28511881828
4.34062314034
4.09618186951
4.76422214508
4.85573291779
4.87105083466
4.85659193993
4.7041580677
4.96914982796
5.11407995224
4.7388010025
5.0586578846
4.88515305519
5.5451669693
5.49860501289
5.55403208733
5.71907496452
5.35482001305
5.32505083084
5.59514689445
5.79934883118
5.51114201546
5.67065811157
6.96025586128
7.23811197281
7.38076901436
6.98554491997
6.58397603035
6.81121993065
6.89040899277
7.07431292534
6.57367801666
6.82278609276
9.0871360302
8.67101883888
9.04761195183
9.13010716438
8.85606408119
8.78589200974
9.52812790871
9.00407099724
8.91343593597
9.04170298576
13.2465031147
13.3867058754
13.760917902
13.3203530312
13.1251759529
13.2648029327
13.2371740341
13.1095790863
13.3857340813
13.3681361675
25.997606039
25.9794437885
25.9644668102
26.75187397
26.5584249496
26.9170560837
26.6534261703
26.4961380959
25.8127970695
25.7826859951
