1
26.499382019
26.5208940506
13.3384640217
9.25902605057
6.8411860466
5.54315590858
4.74133896828
4.22076487541
3.82662081718
3.61426496506
3.51324796677
3.24902200699
3.08018493652
2.83146905899
2.62456202507
2.67190694809
2.51451396942
2.30209112167
2.15878987312
2.11590790749
1.98732209206
2.2032520771
2.13932013512
2.15720295906
2.82804107666
4.1191778183
4.24521112442
4.10215616226
4.19657993317
4.1617410183
4.12349581718
4.24840307236
3.98821401596
3.86626410484
3.84599900246
3.93100214005
4.10801696777
4.08800601959
4.08634710312
4.19496202469
3.79293394089
3.87769293785
4.05053400993
4.19739580154
3.96836090088
4.00033593178
4.15571689606
4.17439699173
3.75576996803
3.96077299118
3.95924592018
3.95143198967
3.84022498131
4.07835507393
4.05268287659
4.25549912453
4.18299508095
4.04612398148
3.98732113838
4.02908205986
3.91103410721
3.98855495453
4.22676491737
4.07150912285
3.6994600296
