10
27.2637779713
26.7816770077
26.1584160328
26.9100899696
26.3780288696
26.3206028938
26.4189460278
26.4130260944
26.5136291981
26.9032838345
3.11631798744
3.91849803925
3.67292094231
3.64279198647
3.75290203094
3.8510620594
3.84808111191
3.47702288628
3.65387392044
3.67477798462
4.01543998718
4.35614681244
4.03136706352
4.20202898979
4.21895599365
4.14294600487
4.05590796471
4.3008480072
4.11643886566
3.97310090065
4.00918507576
4.12900686264
4.12807202339
4.24827098846
4.01462006569
4.14005708694
4.13071489334
4.00378894806
4.25678110123
3.99719691277
4.07319903374
4.22723197937
4.359552145
3.83922386169
4.0295779705
4.05831813812
4.07628583908
3.95228385925
3.90231585503
4.16587591171
3.93450117111
3.87757205963
3.82747220993
3.93822908401
3.89517688751
4.07019090652
3.78081202507
4.1031370163
3.89172816277
4.12454485893
4.04222679138
4.08950591087
4.09429097176
3.89845895767
4.15316295624
4.0986559391
4.20154309273
3.85143995285
4.18921399117
4.118942976
3.9485309124
3.74420309067
4.00758719444
3.78275203705
3.98924803734
4.03789591789
4.00440692902
3.83756303787
3.87802290916
4.09810805321
3.969165802
3.7647459507
3.90747714043
3.98421692848
4.02132201195
4.02769494057
4.02551412582
4.13554191589
3.93807005882
4.12325716019
3.86545300484
3.96243596077
3.85998892784
3.88002204895
3.96232485771
3.93037796021
3.9290869236
4.13222789764
4.03774404526
3.97383499146
4.13651490211
3.99570012093
4.3173160553
3.9279088974
4.05360913277
4.0271730423
4.11272311211
4.03461694717
4.11584997177
4.15441894531
3.87671589851
3.9562048912
3.91501188278
4.05555391312
4.0571770668
3.98750901222
4.18475413322
3.82312297821
4.04441809654
3.88483595848
4.03134703636
4.01528906822
4.19107484818
4.12405490875
4.11282014847
4.02219200134
4.06080913544
4.20080304146
3.85682582855
3.99794387817
3.87809586525
3.92711687088
4.10647797585
4.02557086945
4.02827811241
4.05832695961
4.0722849369
3.91462016106
4.00739884377
4.1094660759
3.90262389183
3.98676013947
3.98387408257
4.00276184082
3.95903801918
3.90941405296
3.9928188324
3.96937894821
4.06431508064
4.09354996681
4.12370586395
3.83313798904
3.83263301849
3.83850598335
3.98894786835
3.96256899834
3.97953605652
4.00443887711
3.91274499893
4.08156704903
3.929459095
3.84481811523
3.87841391563
3.95650792122
3.91110014915
3.88002419472
3.92553806305
3.8720099926
3.9779279232
3.96908211708
3.90999603271
3.81722593307
3.84070897102
3.93729305267
3.84707093239
3.94208812714
3.97455501556
3.92825913429
3.90196013451
3.89144921303
4.18737101555
3.91344094276
4.00169992447
4.08449292183
4.21814393997
4.02137088776
4.13298797607
4.21690702438
4.09279918671
4.1314239502
3.84993004799
3.8520181179
4.1727309227
4.19409680367
4.01556706429
4.20515799522
3.89345097542
4.11579394341
4.00728201866
4.00457906723
4.09816384315
3.99386286736
4.02516198158
3.8859770298
3.75212883949
4.02954888344
3.85359311104
3.96767497063
3.92544388771
3.99707317352
3.89538598061
3.93977284431
3.73608183861
3.90744900703
3.80566000938
3.87965202332
3.90215206146
3.96330881119
3.96597385406
3.89767599106
3.99377202988
3.68358802795
4.047123909
3.92822003365
4.09853506088
4.11627197266
3.99817800522
4.0549249649
4.10270094872
3.80402183533
3.93883180618
4.07801795006
3.91776204109
3.9152739048
4.00793910027
3.96265292168
3.92457985878
3.84988689423
3.96622180939
4.16558480263
3.91464304924
3.75086092949
3.84885978699
4.03480195999
3.78550720215
3.94585990906
3.92200684547
3.7154841423
3.92216396332
4.04302716255
3.93000388145
3.80129408836
3.83430981636
3.81974411011
3.56076812744
4.03729081154
3.93371200562
3.77073216438
3.80486392975
4.00967907906
4.08095812798
3.86956214905
4.12774205208
3.84223103523
3.89984893799
3.64108395576
4.05705499649
4.10943198204
4.02694392204
3.90956902504
3.84482502937
3.9326839447
3.94256305695
4.00909304619
4.01362609863
3.81462717056
3.89015984535
3.72803783417
3.93696808815
3.80899381638
3.95915603638
3.66253900528
3.97835087776
3.95520305634
4.16959285736
3.80396318436
3.80139493942
3.85858201981
3.83104610443
3.82892894745
3.69223117828
3.77656507492
3.89836788177
4.06118392944
3.87669897079
3.8196709156
3.89856505394
4.01988196373
3.86109995842
3.76651191711
3.67412304878
4.06576108932
4.0701880455
3.95134186745
3.85112404823
3.78353309631
3.91165614128
3.9646229744
4.11896514893
4.10418200493
3.94339203835
3.62164711952
4.04149913788
3.88369297981
3.74452996254
3.80221700668
3.85960888863
3.98347592354
3.89595580101
3.97836089134
3.75295901299
3.93234395981
3.92895293236
3.9189248085
3.96671199799
3.71866202354
3.81764698029
4.17498898506
4.00367498398
3.77639603615
3.71468091011
3.65738391876
3.8828868866
3.73419713974
3.66617894173
3.80042600632
3.84199905396
3.89573311806
3.71627688408
3.91662597656
4.15162086487
4.34257006645
4.19783115387
4.33830904961
4.17618584633
4.32523989677
4.07612490654
4.2515900135
4.06020903587
4.12223696709
4.09228992462
4.03735280037
4.16920495033
4.0169479847
3.88817095757
4.13414883614
3.97371888161
4.2335999012
4.22708797455
4.15477085114
4.25341200829
4.12581396103
4.07676005363
3.99852085114
4.1398358345
4.04226303101
3.89372897148
4.05986690521
4.09648990631
4.2351398468
4.33113908768
3.98302006721
4.11098694801
3.99397420883
4.23992180824
4.30738377571
4.03413796425
4.08130407333
4.26588320732
4.28106808662
4.19498181343
4.21428608894
4.27477383614
4.0840780735
4.18796992302
4.36143493652
4.12808203697
4.02471518517
4.12812995911
3.87343287468
3.99788308144
4.34535002708
4.03440880775
4.17802190781
4.03513598442
4.17996501923
4.32820606232
4.15496683121
4.44872188568
4.09172987938
4.14311909676
4.07188081741
4.01036500931
4.20689892769
4.04211807251
4.05988907814
4.10865902901
4.10412597656
4.21364998817
4.11758708954
4.2202630043
4.07876205444
4.06822013855
4.10284495354
4.1111638546
4.22311997414
4.05896496773
4.08393788338
4.15868782997
4.33249092102
4.30192017555
4.42803382874
4.42578196526
4.22472596169
4.24837589264
4.35152983665
4.26567602158
4.19605588913
4.25831389427
4.31758785248
4.16480994225
4.33819198608
4.23665785789
4.4494600296
4.33873319626
4.51619911194
4.09998083115
4.29208683968
4.15833616257
4.07928991318
4.43198013306
4.19992685318
4.25839400291
4.43309187889
4.33573818207
4.22040605545
4.34192490578
4.14949011803
4.51555299759
4.25268697739
4.52197480202
4.1184360981
4.44678092003
4.39428496361
4.27165222168
4.1410009861
4.3958029747
4.31565380096
4.2470099926
4.12079310417
4.34578704834
4.46127200127
4.43134212494
4.24612903595
4.51925802231
4.27162194252
4.35589814186
4.74054408073
4.22200298309
4.51766204834
4.5103161335
4.61950397491
4.46868896484
4.33840513229
4.31233406067
4.29764699936
4.40829896927
4.39057683945
4.36859893799
4.41920113564
4.31002902985
4.68175911903
4.32907104492
4.429708004
4.3313601017
4.30238509178
4.3525531292
4.50709986687
4.68810796738
4.46434783936
4.29314517975
4.65295600891
4.30594801903
4.40649390221
4.53090882301
4.53950095177
4.57910084724
4.5307970047
4.46993803978
4.43951201439
4.50342202187
4.66188192368
4.56673812866
4.74955105782
4.55588698387
4.70702695847
4.6471362114
4.66410088539
4.52587389946
4.72364902496
4.73902416229
4.4351079464
4.52317285538
4.47429609299
4.60910701752
4.66133999825
4.53698277473
4.64221191406
4.64159584045
4.62976408005
4.94091105461
4.64873385429
4.64968204498
4.63071107864
4.57741999626
4.77561998367
3.21088409424
3.06131196022
2.879956007
2.76221585274
2.98168611526
2.97771811485
2.88694810867
2.81167602539
2.90279793739
3.00116205215
2.97370815277
2.99594187737
2.90321993828
2.94844603539
3.1492869854
3.1851849556
3.12647390366
3.45388484001
3.28958415985
3.30016112328
3.37499594688
3.27932500839
3.44632077217
2.98769402504
3.56792998314
3.46071815491
3.52673816681
3.53477096558
3.30368900299
3.42124199867
3.13506007195
3.58032393456
3.41710591316
3.44328212738
3.81747102737
3.47465109825
3.45612978935
3.64095497131
3.78670716286
3.8004720211
3.55850601196
3.613052845
3.04853606224
3.40640211105
3.93412804604
3.90480995178
3.89273500443
3.89032316208
4.22225999832
3.97763395309
3.71523094177
4.13133692741
4.09623193741
4.18397498131
4.65778398514
4.53776502609
4.22441005707
4.29881095886
4.2579228878
4.50424695015
4.42816305161
4.78878593445
4.25506806374
4.30414605141
5.28170418739
5.13913106918
4.64534497261
4.74566483498
4.91112494469
4.71317791939
4.92189502716
4.78699707985
4.85059118271
4.63686490059
5.55251002312
5.96572995186
5.74302601814
5.63200592995
5.74481105804
5.93506097794
5.84294915199
5.67232489586
5.60336613655
5.72224211693
6.8330218792
6.71394109726
6.76022982597
6.61005687714
6.77174901962
6.78405380249
6.98905301094
6.63835501671
6.67862701416
6.88628792763
8.93830299377
8.66492700577
9.08116412163
8.87216997147
8.81556916237
9.07394599915
8.97006702423
8.93379306793
8.74231791496
8.89189195633
13.2072720528
13.2239301205
13.2226440907
12.9890949726
13.3037381172
13.0642659664
13.8016090393
13.7001309395
13.1426239014
13.4432799816
26.306760788
26.6959049702
26.9200479984
26.6786899567
26.8910758495
26.6765360832
26.1647958755
27.1032948494
26.7430558205
26.810888052
