1
27.3073761463
2.75922298431
4.25771999359
3.96916985512
3.83237600327
3.84898304939
4.0792620182
3.88569498062
3.88430309296
4.04807114601
4.03140521049
4.09910202026
4.04724001884
4.07514500618
3.90115308762
4.00509500504
3.73147296906
3.84709000587
4.08055210114
4.10737013817
3.91471481323
3.94104790688
3.97320914268
4.12121200562
3.71947383881
3.71653103828
3.22146892548
2.76940608025
3.32971310616
3.78038287163
3.9207880497
3.9956638813
3.90385699272
4.22361493111
4.17006492615
3.90535497665
4.10976195335
4.25615978241
4.1443271637
4.17000818253
4.2517991066
4.17153978348
4.1626060009
4.11094999313
4.15019106865
4.36481499672
4.62568116188
4.60282802582
4.34380412102
4.34652209282
4.70513892174
4.51404118538
4.68452787399
4.6961991787
4.06793308258
3.35959410667
3.78446388245
4.3872358799
4.49891209602
4.77501416206
5.72121405602
6.80716300011
8.98999118805
13.941917181
26.4827990532
