2
26.7707598209
26.6558430195
3.21657204628
3.58088707924
4.07367801666
4.29883813858
3.94199895859
3.99603199959
3.78505587578
4.08806586266
4.01078701019
3.96129608154
4.05696702003
4.03029298782
3.91270709038
4.12840890884
3.79271197319
4.00871419907
4.09405708313
3.89061594009
4.06238102913
4.21011519432
3.92467403412
3.63714408875
4.07540106773
4.13714003563
3.91203403473
4.01022791862
3.94842886925
4.08514094353
3.79224085808
3.93215990067
3.77496218681
3.78163504601
3.99178099632
3.78734111786
4.01328110695
3.89077305794
4.16119408607
3.99010586739
3.82983088493
3.94829297066
3.80442619324
3.78144288063
4.05144190788
4.04672813416
3.88607192039
3.87005901337
3.81681799889
3.93647098541
3.9155421257
3.69094491005
3.78436994553
4.00980591774
3.97775793076
3.95669603348
4.06741905212
3.93591499329
3.94045519829
3.86092400551
4.13018107414
4.00325083733
4.05987691879
4.0232758522
4.11421704292
3.81226611137
3.76913619041
4.0569319725
3.91162395477
4.29102993011
4.24085593224
4.03963303566
4.033203125
4.23010802269
4.02137804031
4.18988895416
4.11898183823
3.92769694328
3.99121499062
3.98075294495
4.10447502136
4.09346103668
3.99261903763
4.06622600555
4.08520317078
4.23354387283
4.15616703033
4.07439517975
4.46789097786
4.35810804367
4.15604496002
4.18488788605
4.39266586304
4.2582359314
4.34760093689
4.22537708282
4.37352395058
4.29346895218
4.38693785667
4.50911402702
4.67512392998
4.42446112633
4.53772211075
4.57427382469
4.73792099953
4.69000577927
4.53341197968
3.01252508163
3.00298094749
3.02347397804
3.65830302238
3.19904208183
3.43442797661
3.81159496307
3.7623770237
3.6485221386
4.37311005592
4.3623239994
4.6244699955
4.85533189774
5.74602985382
5.3881418705
6.86202383041
6.61934685707
8.94690203667
9.09183287621
12.9889309406
13.1489739418
26.2393419743
26.7501249313
