5
26.6854670048
26.0636219978
26.287940979
26.1229767799
26.3054869175
25.7639260292
26.391502142
25.748759985
25.7344470024
25.7278158665
13.2262609005
13.5766649246
12.9486920834
12.9347610474
13.2060709
9.18953418732
8.80445885658
8.72690486908
8.70277094841
8.6991508007
6.66803121567
6.45133590698
6.65648889542
6.71804904938
6.60895991325
5.71680998802
5.38010406494
5.17660188675
5.4534869194
5.75214099884
4.60729503632
4.47099685669
4.96058988571
4.82858800888
4.61923003197
4.18008208275
4.31658601761
4.58641505241
4.22729897499
4.31499505043
4.04746007919
4.0683131218
3.50388598442
4.06915807724
3.97092413902
3.72347903252
3.52409291267
3.3564491272
3.62559819221
3.44239401817
3.47981715202
3.40209317207
3.38353395462
3.16701197624
3.59239912033
3.23421096802
3.2546479702
3.13803482056
3.15918898582
3.32960104942
2.97530913353
2.98923516273
2.84911298752
2.88078117371
2.93770003319
2.75670719147
2.70416903496
2.86877012253
2.85529208183
3.18116092682
2.59215307236
2.5723938942
2.55663990974
2.57647705078
2.56596708298
2.58158588409
2.53319191933
2.46106505394
2.69073200226
2.60557794571
2.54498910904
2.45198202133
2.46263098717
2.62468886375
2.32491493225
2.31468081474
2.5413069725
2.28263306618
2.41757202148
2.36367106438
2.2077460289
2.19950318336
2.38375806808
3.05880117416
2.78885316849
3.02208209038
2.83022499084
2.45591497421
2.96913409233
2.91780686378
3.03734707832
2.94300603867
4.21034002304
4.21771502495
4.19593501091
4.42313408852
4.1773109436
4.18019199371
4.50118207932
4.46776294708
4.09534788132
4.23388886452
4.11810898781
4.30207085609
4.22676801682
4.24189805984
4.04627895355
4.30294203758
4.19238090515
4.09965705872
4.09076309204
4.19405508041
4.35088992119
4.11028885841
4.11493086815
4.29464006424
4.1433968544
4.05318307877
3.9845700264
4.27510094643
4.17375516891
3.9254488945
4.00523304939
4.02446913719
4.14760899544
4.09217882156
4.0460460186
4.02123999596
4.12452411652
4.28066897392
4.26861786842
3.86111688614
4.14406394958
4.03695416451
4.27278017998
4.16508197784
3.93755793571
4.27004599571
4.28465509415
4.03705215454
4.03047418594
4.27687692642
3.8986530304
4.11248803139
4.19401907921
4.09891676903
4.31094813347
4.03259587288
4.19184112549
4.04678201675
4.1328971386
3.04669809341
3.47958302498
2.87526106834
2.87020397186
2.73378491402
1.88923716545
2.8063519001
2.80095219612
1.77720785141
1.61224198341
1.84986495972
1.84300303459
2.79959011078
3.81395816803
4.09092903137
3.88485980034
3.83786010742
3.94020295143
4.05629897118
3.85049200058
3.78520488739
3.83363604546
3.82712316513
3.81120991707
3.85927700996
3.92184400558
3.84441900253
3.94788718224
4.0273809433
3.82839202881
4.04304409027
3.62776589394
4.07234811783
3.88775014877
3.99419999123
3.93844890594
4.07020616531
4.10095095634
3.87470602989
3.77861690521
3.75787591934
3.84015488625
3.94919610023
3.87991690636
3.73048901558
3.81875085831
3.75186014175
3.79562115669
3.7624399662
3.93376207352
3.84061813354
3.73833703995
3.78302192688
3.81304597855
3.89919996262
4.09215092659
3.92821216583
3.91161799431
3.99140405655
3.78334498405
4.0752389431
3.79670500755
3.81833815575
3.8730340004
3.84521508217
4.09605693817
3.57828092575
3.84546303749
4.0733101368
4.00103998184
3.85954999924
4.09262490273
4.01558589935
4.16984081268
3.91644191742
4.10161280632
4.02458095551
4.11536192894
3.87771892548
3.72041797638
3.60198283195
3.81639790535
3.80682897568
3.7912800312
3.69511604309
3.98875284195
4.12764501572
3.9035179615
3.75131821632
3.8359811306
3.75762701035
3.8854830265
3.92398095131
3.90084409714
3.98083305359
3.98631215096
3.99513983727
3.85595083237
4.03284907341
3.69683003426
3.87537503242
4.11950302124
3.86135387421
3.83401679993
4.00519609451
3.97575902939
4.01337194443
4.00180602074
3.97421813011
3.86172318459
3.87331199646
3.99202108383
4.09837222099
4.02461600304
4.03928399086
4.19974088669
4.23927116394
3.96274089813
4.1936378479
3.93309593201
3.90314483643
3.91935300827
3.68899416924
4.06969618797
4.13218688965
3.86918997765
4.07995581627
3.7635679245
3.99588012695
3.20042085648
2.63725590706
3.42546415329
2.86996412277
2.79562401772
2.84897494316
3.23738598824
3.89188504219
3.26773905754
2.80458784103
2.76568293571
2.89571499825
