5
26.6864080429
25.8181118965
25.8000488281
25.7482991219
26.7761800289
3.09696388245
3.63484597206
3.52752494812
3.62140107155
3.88620305061
4.16284704208
3.91128706932
4.20070290565
4.02586007118
3.90018796921
3.77747797966
4.05722308159
3.94347810745
3.76886916161
4.06542086601
4.26592588425
3.94119405746
3.79987597466
3.75899195671
3.87642598152
3.94014000893
3.94762897491
3.85043096542
3.86988091469
3.82221317291
3.82701921463
4.10912799835
4.06692790985
4.10586905479
3.89074897766
3.92327189445
4.07472896576
3.87115597725
3.84357213974
3.87259507179
3.84726500511
4.08919501305
3.9040389061
3.91273212433
4.15566396713
4.00424289703
3.86999487877
3.93944096565
3.96228909492
3.94226288795
4.08874797821
4.24549102783
4.22361016273
4.07683205605
3.79876613617
3.93280100822
3.86788201332
3.88783693314
4.03219413757
3.90731501579
4.01793408394
3.8562681675
4.09322690964
4.00782203674
4.171459198
3.87348794937
3.90757894516
4.05755996704
3.95534014702
3.97494006157
4.08772015572
3.76109886169
3.86392688751
3.83925485611
3.7123708725
3.94123196602
3.71132087708
3.96861815453
3.78776192665
3.80013108253
3.89819717407
3.88116598129
3.85592007637
3.8073489666
3.98797798157
3.68843197823
3.7122490406
3.90381598473
4.03406596184
3.823168993
4.24645209312
4.07811880112
4.09159493446
4.1471850872
4.21009898186
3.73611497879
3.79765605927
4.05163598061
3.93611216545
4.08686590195
4.07022595406
3.83998703957
4.08374214172
3.88043904305
4.16018295288
3.72113513947
4.01571011543
3.96476984024
3.84083485603
3.81607413292
4.13449597359
4.08890318871
4.02249479294
4.08677005768
4.06429696083
3.92585110664
3.74777603149
3.77621817589
3.99911308289
3.73123383522
3.68053197861
3.91779613495
3.87486410141
3.76541209221
3.92574000359
3.59432506561
3.61915397644
3.74541783333
3.63795089722
3.82929515839
4.14682507515
4.02565598488
4.01734495163
3.8902220726
4.09222602844
3.94483280182
3.94040489197
4.00475406647
3.8417840004
3.86894106865
3.96900987625
3.97434902191
4.02692508698
3.96664404869
3.86694478989
3.63790607452
3.90559196472
3.64434504509
3.70762181282
3.80257320404
3.83953595161
3.85801911354
3.97766518593
4.0309689045
3.95618486404
3.81841015816
3.74115586281
3.96354484558
3.66475296021
3.73222279549
3.93659806252
4.00736188889
3.98632097244
3.81194114685
3.70924496651
3.6796541214
3.66018080711
3.75947499275
3.76209616661
3.65448689461
3.98672795296
4.08218288422
4.06085395813
4.20349597931
4.50347614288
4.06487488747
4.19322800636
3.95726013184
3.97672796249
3.96383810043
4.16703796387
4.01753997803
3.89621591568
3.97742700577
3.96591496468
3.9552359581
3.90457606316
4.09371304512
4.06755304337
3.92083597183
3.99438405037
4.25568413734
4.07161283493
3.92170405388
4.07367300987
4.00829982758
4.04474496841
4.21624803543
3.93120217323
3.96211004257
4.31287002563
4.17936611176
4.02108407021
3.92303395271
3.95584201813
3.89819002151
4.12071204185
4.08158397675
3.88853406906
3.95397615433
4.19786190987
4.38741588593
4.29514598846
4.10497689247
4.04870820045
4.26463389397
4.4026889801
4.19363212585
4.50285887718
4.19782090187
4.34571504593
4.24001502991
4.08674812317
4.33601593971
4.56643891335
4.52595901489
4.20271492004
4.40301418304
4.29492902756
4.28647994995
4.40475797653
4.28047013283
4.43013000488
4.58553600311
4.31308412552
4.17427110672
4.37508916855
4.32093596458
4.42518496513
4.31164884567
4.40603899956
4.27381205559
4.22265315056
4.43592095375
4.33102488518
4.31558609009
4.2891600132
4.33953785896
4.49597001076
4.45194602013
4.62654900551
4.54419994354
4.57495188713
4.5395591259
4.85859489441
4.76649713516
4.5371119976
4.53348302841
4.62976813316
4.68090009689
4.48353099823
4.51028704643
4.66403388977
4.64321804047
4.88889789581
4.70130491257
4.97334098816
4.0590698719
2.83827614784
2.89174103737
3.31747484207
3.22923994064
3.24085688591
3.13994693756
3.23631310463
3.60272908211
3.47947311401
3.47589015961
3.52278804779
3.50493097305
3.62028694153
3.6906747818
3.5374481678
3.67864608765
3.68950915337
4.09223794937
4.1728079319
4.04821419716
3.6465959549
3.96531105042
4.55086088181
4.43071389198
4.99789690971
4.23636698723
4.24201416969
4.93752598763
4.80655884743
4.72512507439
4.8383140564
5.01463699341
5.64486503601
5.50400614738
5.61298704147
5.37681388855
5.5005838871
7.13570404053
6.91682219505
6.67123293877
6.72575807571
6.63263010979
8.85106992722
8.61233210564
8.81904411316
9.06304812431
9.21006798744
13.1519310474
13.6647000313
13.0629529953
13.7794868946
13.1257441044
26.8031289577
26.4722259045
26.4719378948
25.7936251163
26.4553771019
