1
26.9219470024
2.97786307335
4.31520700455
3.93139100075
3.94556307793
4.06256914139
4.09710693359
3.97624802589
3.97406601906
3.86131000519
4.0936729908
4.05464196205
4.08145189285
3.77198290825
3.89741802216
3.75518393517
3.95137095451
3.72379994392
4.09597706795
3.96795701981
3.93605089188
3.97141695023
3.88958001137
3.88870406151
3.87606787682
3.79177594185
4.15359902382
4.03234291077
3.85694408417
3.90631198883
4.06366491318
3.78372693062
3.91723203659
3.74499297142
3.91332507133
3.97809290886
4.16590499878
3.89321184158
4.02701115608
3.83935403824
4.0707359314
4.1611931324
4.1015059948
4.09244585037
4.40983891487
4.23172593117
4.29249286652
4.60063481331
4.23723101616
4.46341180801
4.38416004181
4.44957900047
4.544932127
4.70070695877
4.48872590065
3.33625912666
3.50449585915
4.10146999359
4.44610309601
5.37668704987
5.76326203346
7.05037093163
8.97587704659
13.435115099
26.8934469223
