0.707889
0.752547
0.501312
0.389100
0.310168
0.312190
0.256819
0.262630
0.202585
0.196596
0.221971
0.197548
0.191919
0.214409
0.134948
0.128295
0.254599
0.144652
0.201924
0.199813
0.136676
0.130307
0.107715
0.163307
0.175847
0.126897
0.136193
0.115395
0.163443
0.101858
0.109820
0.142428
0.133839
0.146784
0.127375
0.137692
0.136318
0.123121
0.135766
0.126941
0.139951
0.119057
0.120507
0.118863
0.118230
0.112453
0.124295
0.133083
0.133524
0.122501
0.127020
0.132056
0.141437
0.136433
0.122599
0.131646
0.130952
0.131054
0.131406
0.137713
0.130641
0.236921
0.380984
0.242713
