2.788057
1.437828
1.316932
0.847268
0.637960
0.861979
0.809025
0.591328
0.621781
0.599598
0.615788
0.464634
0.473720
0.474622
0.506298
0.525554
0.530487
2.864057
3.254906
3.195568
2.922879
3.495924
3.633056
4.505869
4.394993
4.186229
4.115399
4.281749
4.466818
4.414772
4.443899
4.540519
4.465076
4.593704
4.540956
4.504587
0.384207
0.383485
0.361410
0.381615
0.382317
0.390489
0.392004
0.373433
0.378366
0.386275
0.398941
0.379592
0.402400
0.424744
0.412317
0.408934
0.426946
0.426525
0.419740
0.438121
0.438002
0.438538
0.422688
0.451460
0.457933
0.472577
0.571458
1.496763
