3
313.684309959
309.210659981
308.691591024
309.506247044
310.506469011
309.547261
161.468932867
160.703925133
158.879702806
108.393905878
109.764523029
111.493895054
81.6430881023
83.3367872238
84.3534610271
65.0789089203
64.8510971069
64.6853370667
55.0842280388
57.9579188824
55.7759637833
47.702534914
48.4576408863
48.7120480537
41.7667479515
43.5717039108
41.9454040527
36.4125478268
38.2949061394
37.5442039967
34.867497921
34.2779660225
33.6378159523
31.8932151794
31.4633569717
30.6470389366
28.8018372059
28.2882518768
28.0462210178
26.5122740269
26.8499879837
27.7409119606
24.9257488251
26.037817955
24.7756562233
23.7908079624
25.7731180191
23.8191120625
22.3280029297
21.9892601967
21.8896930218
22.0066168308
22.0376908779
21.458548069
20.4568421841
20.2287709713
20.9866409302
20.2032091618
21.1247169971
20.1082649231
19.2638761997
20.271476984
19.261259079
18.3137881756
19.6077439785
18.4152541161
17.8141920567
17.983538866
17.8048419952
17.7938768864
17.8512969017
17.4690141678
17.0506298542
16.9908809662
17.0645070076
16.3455181122
17.6198048592
17.3881878853
16.4269881248
16.1442689896
17.9442009926
17.6121339798
17.1645720005
16.3302910328
15.5651519299
16.3209559917
15.950245142
16.3525590897
16.141933918
16.5699310303
15.1279520988
16.2551791668
15.6211230755
14.6611750126
15.7998039722
15.1529500484
14.6761291027
15.3424479961
15.2983250618
15.2408499718
15.7107579708
14.9892759323
14.776911974
14.3036689758
14.7059669495
14.9910490513
15.4379780293
24.9019441605
33.1983480453
32.7182271481
34.4062519073
33.6735608578
35.3900032043
32.1049799919
33.4833350182
33.7549841404
33.9379229546
30.9284279346
32.6655659676
33.9942538738
32.5637569427
33.0535120964
30.428301096
33.8810560703
34.6932120323
32.3995528221
32.1052150726
32.1546089649
33.3986461163
33.0343728065
33.9816429615
33.1039910316
32.6076688766
32.1491510868
33.1027619839
32.1127500534
32.7018201351
32.9905509949
31.7202880383
31.5262470245
32.3866000175
34.92582798
32.3844361305
33.1046929359
31.3767781258
33.0723659992
33.6045200825
33.1996021271
32.1280219555
33.4192380905
32.1210491657
32.3663640022
32.1915400028
31.01460886
34.8541090488
33.4297430515
31.274392128
32.1998200417
33.0649988651
31.945882082
33.0252950191
32.8745369911
33.1764380932
32.0328161716
34.0596630573
32.1804318428
33.5650699139
32.0937240124
31.8896780014
32.058011055
33.8948528767
32.158395052
33.8989799023
31.5346820354
31.4822731018
32.5999829769
31.8751959801
31.051169157
31.9079759121
35.1347107887
30.8462121487
30.6840341091
32.2876088619
32.2307929993
32.0284440517
33.5456058979
32.7710211277
32.1488051414
32.2343640327
31.2019078732
33.9970510006
30.978913784
31.9163880348
31.4936110973
31.0697391033
